1	1,474
2	2,793
5	5,2546
6	6,5488
6	40,1
6	49,1
6	74,1
6	79,1
6	87,1
6	89,1
8	8,2429
9	9,3453
10	10,9981
11	11,325
12	4,1
12	6,1
12	8,1
12	9,1
12	10,1
12	11,1
12	12,1326
12	14,1
12	17,1
12	22,1
12	28,1
12	29,1
12	33,1
12	34,1
12	36,1
12	38,1
12	40,1
12	45,1
12	46,1
12	47,1
12	49,1
12	50,1
12	64,1
12	76,1
12	81,1
12	90,1
12	93,1
12	94,1
13	13,741
14	14,12404
17	17,5875
18	18,764
19	19,2909
21	21,4972
22	22,4196
24	24,10745
26	26,354
27	27,27
28	28,1992
29	28,1
29	29,8652
30	30,9223
32	14,1
32	32,316
33	33,22689
34	34,8882
34	35,1
34	49,3
35	35,1611
36	36,2703
37	37,8871
38	38,1101
40	9,1
40	40,34432
40	74,2
41	41,4200
41	45,1
41	64,1
41	93,1
42	42,686
44	44,6066
45	45,814
46	12,2
46	46,2698
47	47,58061
49	49,1334
50	50,9780
52	52,3534
53	53,2110
54	54,1
55	55,16560
55	96,1
56	56,1906
57	57,45621
62	62,2355
63	63,2
64	64,948
64	94,1
65	65,76
66	6,1
66	7,1
66	12,1
66	15,1
66	18,1
66	19,1
66	23,1
66	26,1
66	27,1
66	29,1
66	30,1
66	31,1
66	33,1
66	34,1
66	35,1
66	37,1
66	41,1
66	45,1
66	50,1
66	55,1
66	56,1
66	62,1
66	64,1
66	66,886
66	71,1
66	73,1
66	75,1
66	78,1
66	79,1
66	80,1
66	81,1
66	84,1
66	85,1
66	88,1
66	89,1
66	91,1
66	93,1
66	95,1
66	99,1
67	40,4
67	52,1
67	67,1570
67	74,1
68	68,892
68	92,1
69	69,1732
70	70,24472
72	72,2233
74	74,590
75	75,14818
76	76,438
78	78,6
79	79,3981
79	87,1
80	80,2541
81	81,1629
82	82,8958
84	84,140
85	85,41887
86	86,542
87	87,330
89	89,35
91	91,381
92	92,28026
93	93,148
94	94,595
95	95,29
98	98,711
99	99,2898
