1	1,4109
1	15,19
2	2,2348
4	4,9138
4	10,1
5	5,2553
6	6,6158
6	40,1
6	49,1
6	74,1
6	79,1
6	87,1
6	89,1
7	7,10428
7	10,3
7	21,3
7	30,3
7	31,24
7	37,3
7	44,3
7	49,3
7	50,3
7	64,3
7	66,5
7	69,1
7	71,2
7	72,3
7	73,3
7	77,2
7	78,1
7	81,3
7	90,3
7	92,3
7	93,1
7	95,1
7	96,1
8	8,2468
9	9,3462
9	44,1
10	10,8456
11	11,325
12	4,2
12	6,2
12	8,2
12	9,2
12	10,2
12	11,2
12	12,6076
12	14,2
12	17,2
12	22,2
12	28,2
12	29,2
12	33,2
12	34,2
12	36,2
12	38,2
12	40,2
12	45,2
12	46,2
12	47,2
12	49,2
12	50,2
12	64,2
12	76,2
12	81,2
12	90,2
12	93,2
12	94,2
13	13,2360
14	14,12925
15	15,3395
16	16,2859
16	63,1
17	17,6132
18	18,800
19	19,3817
20	15,19
20	20,1698
20	69,1
21	15,19
21	21,5330
22	22,4364
23	23,1652
23	28,1
24	24,47837
25	15,19
25	25,2309
26	15,19
26	26,1955
27	15,19
27	27,3595
28	15,19
28	28,4753
29	28,1
29	29,8905
30	30,9284
31	31,18015
32	14,1
32	32,322
33	33,22708
34	34,8919
34	35,1
34	49,3
35	35,2238
36	36,2698
37	37,10479
38	38,2491
39	15,19
39	23,2
39	39,10672
39	49,1
40	9,2
40	40,36048
40	74,2
41	41,4205
41	45,1
41	64,1
41	93,1
42	42,701
44	15,19
44	44,6320
45	45,971
46	12,2
46	46,3939
47	47,59693
49	15,19
49	49,3260
50	15,19
50	50,10052
51	51,12029
52	52,3516
53	53,2774
54	54,2
55	55,17910
55	96,1
56	56,2264
57	57,46339
57	86,2
60	60,6
62	62,2355
63	63,2
64	64,1068
64	94,1
65	65,76
66	6,1
66	7,1
66	12,1
66	15,1
66	18,1
66	19,1
66	23,1
66	26,1
66	27,1
66	29,1
66	30,1
66	31,1
66	33,1
66	34,1
66	35,1
66	37,1
66	41,1
66	45,1
66	50,1
66	55,1
66	56,1
66	62,1
66	64,1
66	66,1062
66	71,1
66	73,1
66	75,1
66	78,1
66	79,1
66	80,1
66	81,1
66	84,1
66	85,1
66	88,1
66	89,1
66	91,1
66	93,1
66	95,1
66	99,1
67	40,4
67	52,1
67	67,1573
67	74,1
68	68,1035
68	92,1
69	69,1799
70	70,26607
71	71,863
72	72,3135
74	74,273780
75	75,15185
76	76,493
78	78,28
79	65,1
79	79,4235
79	87,1
80	80,3067
81	15,19
81	81,3738
82	82,9488
84	84,203
85	85,41857
86	86,542
87	87,558
89	89,78
90	48,3
90	74,2
90	90,3919
91	91,825
92	92,28705
93	93,148
94	94,1437
95	95,29
97	1,2
97	2,2
97	4,2
97	5,2
97	6,2
97	7,2
97	8,2
97	13,2
97	15,2
97	16,1
97	18,2
97	19,2
97	20,1
97	21,2
97	22,2
97	23,2
97	24,2
97	25,2
97	26,2
97	27,2
97	28,2
97	29,2
97	30,2
97	31,2
97	33,2
97	34,2
97	37,2
97	38,2
97	40,2
97	44,2
97	45,2
97	47,2
97	49,1
97	50,2
97	52,1
97	54,1
97	55,2
97	56,2
97	60,2
97	62,2
97	64,2
97	66,2
97	70,2
97	71,1
97	72,37
97	73,2
97	74,2
97	75,2
97	76,2
97	77,2
97	78,2
97	79,2
97	80,2
97	81,2
97	82,2
97	83,2
97	84,2
97	85,2
97	86,2
97	87,2
97	88,2
97	89,2
97	90,2
97	91,2
97	92,2
97	93,2
97	94,2
97	95,2
97	97,9124
97	99,2
98	98,852
99	99,6270
