1	1,4313
1	15,1196
2	2,2355
4	4,10080
4	10,1
5	5,2551
6	6,7966
6	40,1
6	49,1
6	74,1
6	79,1
6	87,1
6	89,1
7	7,10418
7	10,3
7	21,3
7	30,3
7	31,24
7	37,3
7	44,3
7	49,3
7	50,3
7	64,3
7	66,5
7	69,1
7	71,2
7	72,3
7	73,3
7	77,2
7	78,1
7	81,3
7	90,3
7	92,3
7	93,1
7	95,1
7	96,1
8	8,2468
9	9,3495
9	44,1
10	10,25041
11	11,324
12	4,2
12	6,2
12	8,2
12	9,2
12	10,2
12	11,2
12	12,6076
12	14,2
12	17,2
12	22,2
12	28,2
12	29,2
12	33,2
12	34,2
12	36,2
12	38,2
12	40,2
12	45,2
12	46,2
12	47,2
12	49,2
12	50,2
12	64,2
12	76,2
12	81,2
12	90,2
12	93,2
12	94,2
13	13,2364
14	14,13321
15	15,3766
16	16,2980
16	63,1
17	17,6161
18	18,889
19	19,6188
20	15,1196
20	20,2046
20	69,1
21	15,1196
21	21,5782
22	22,4126
23	23,1652
23	28,1
24	24,73352
25	15,1196
25	25,2510
26	15,1196
26	26,2216
27	15,1196
27	27,3815
28	15,1196
28	28,4953
29	28,1
29	29,8908
30	30,9253
31	31,18015
32	14,1
32	32,322
33	33,25773
34	34,8953
34	35,1
34	49,3
35	35,2403
36	36,2784
37	37,12230
38	38,3597
39	15,1196
39	18,61
39	23,2
39	39,11441
39	49,1
40	9,2
40	40,36424
40	74,2
41	41,4465
41	45,1
41	64,1
41	93,1
42	42,714
44	15,1196
44	18,328
44	44,7863
45	45,1092
46	12,2
46	46,4686
47	47,59705
49	15,1196
49	49,3467
50	15,1196
50	50,10209
51	51,12029
52	52,3535
53	53,2809
54	54,3
55	55,18902
55	96,1
56	56,2896
57	57,47895
57	86,2
60	60,4
62	62,2355
63	63,2
64	64,1157
64	94,1
65	65,14414
66	6,1
66	7,1
66	12,1
66	15,1
66	18,1
66	19,1
66	23,1
66	26,1
66	27,1
66	29,1
66	30,1
66	31,1
66	33,1
66	34,1
66	35,1
66	37,1
66	41,1
66	45,1
66	50,1
66	55,1
66	56,1
66	62,1
66	64,1
66	66,1836
66	71,1
66	73,1
66	75,1
66	78,1
66	79,1
66	80,1
66	81,1
66	84,1
66	85,1
66	88,1
66	89,1
66	91,1
66	93,1
66	95,1
66	99,1
67	40,4
67	52,1
67	67,1575
67	74,1
68	68,1471
69	69,1812
70	70,27464
71	71,870
72	72,3135
74	74,273977
75	75,15172
76	76,838
77	41,1
77	77,332
78	78,16
79	65,1
79	79,4240
79	87,1
80	80,3088
81	15,1196
81	81,3909
82	82,9731
84	84,855
85	85,89791
86	86,574
87	87,761
89	89,87
90	48,3
90	74,2
90	90,3966
91	91,879
92	92,28961
93	93,723
94	94,2490
95	95,940
96	74,2
96	96,3450
97	1,2
97	2,2
97	4,2
97	5,2
97	6,2
97	7,2
97	8,2
97	13,2
97	15,2
97	16,1
97	18,2
97	19,2
97	20,1
97	21,2
97	22,2
97	23,2
97	24,2
97	25,2
97	26,2
97	27,2
97	28,2
97	29,2
97	30,2
97	31,2
97	33,2
97	34,2
97	37,2
97	38,2
97	40,2
97	44,2
97	45,2
97	47,2
97	49,1
97	50,2
97	52,1
97	54,1
97	55,2
97	56,2
97	60,2
97	62,2
97	64,2
97	66,2
97	70,2
97	71,1
97	72,37
97	73,2
97	74,2
97	75,2
97	76,2
97	77,2
97	78,2
97	79,2
97	80,2
97	81,2
97	82,2
97	83,2
97	84,2
97	85,2
97	86,2
97	87,2
97	88,2
97	89,2
97	90,2
97	91,2
97	92,2
97	93,2
97	94,2
97	95,2
97	97,9127
97	99,2
98	98,927
99	99,6280
