1	1,474
2	2,793
4	4,8564
4	10,1
5	5,2550
6	6,6124
6	40,1
6	49,1
6	74,1
6	79,1
6	87,1
6	89,1
7	7,4626
7	10,3
7	21,3
7	30,3
7	31,12
7	37,3
7	44,3
7	49,3
7	50,3
7	64,3
7	66,5
7	69,1
7	71,2
7	72,3
7	73,3
7	77,2
7	78,1
7	81,3
7	90,3
7	92,3
7	93,1
7	95,1
7	96,1
8	8,2429
9	9,3456
9	44,1
10	10,9966
11	11,325
12	4,1
12	6,1
12	8,1
12	9,1
12	10,1
12	11,1
12	12,1324
12	14,1
12	17,1
12	22,1
12	28,1
12	29,1
12	33,1
12	34,1
12	36,1
12	38,1
12	40,1
12	45,1
12	46,1
12	47,1
12	49,1
12	50,1
12	64,1
12	76,1
12	81,1
12	90,1
12	93,1
12	94,1
13	13,699
14	14,12763
15	15,979
16	16,719
16	63,1
17	17,6551
18	18,802
19	19,2909
20	20,1820
20	69,1
21	21,5066
22	22,4352
23	23,1647
23	28,1
24	24,46696
25	25,2047
26	26,354
27	27,1456
28	28,2041
29	28,1
29	29,8905
30	30,9284
31	31,18011
32	14,1
32	32,316
33	33,22755
34	34,8900
34	35,1
34	49,3
35	35,2238
36	36,2696
37	37,8942
38	38,1101
39	23,2
39	39,10396
39	49,1
40	9,1
40	40,35914
40	74,2
41	41,4205
41	45,1
41	64,1
41	93,1
42	42,687
44	44,6072
45	45,971
46	12,2
46	46,2919
47	47,58131
49	49,2446
50	50,9767
51	51,12020
52	52,3531
53	53,2721
54	54,2
55	55,17376
55	96,1
56	56,2256
57	57,46321
57	86,2
60	60,6
62	62,2355
63	63,2
64	64,957
64	94,1
65	65,76
66	6,1
66	7,1
66	12,1
66	15,1
66	18,1
66	19,1
66	23,1
66	26,1
66	27,1
66	29,1
66	30,1
66	31,1
66	33,1
66	34,1
66	35,1
66	37,1
66	41,1
66	45,1
66	50,1
66	55,1
66	56,1
66	62,1
66	64,1
66	66,972
66	71,1
66	73,1
66	75,1
66	78,1
66	79,1
66	80,1
66	81,1
66	84,1
66	85,1
66	88,1
66	89,1
66	91,1
66	93,1
66	95,1
66	99,1
67	40,4
67	52,1
67	67,1572
67	74,1
68	68,965
68	92,1
69	69,1798
70	70,24497
72	72,2239
74	74,589
75	75,16067
76	76,516
78	78,28
79	65,1
79	79,4261
79	87,1
80	80,2948
81	81,1629
82	82,9312
84	84,165
85	85,41850
86	86,542
87	87,435
89	89,78
90	48,3
90	74,2
90	90,3854
91	91,390
92	92,28702
93	93,148
94	94,597
95	95,29
97	1,2
97	2,2
97	4,2
97	5,2
97	6,2
97	7,2
97	8,2
97	13,2
97	15,2
97	16,1
97	18,2
97	19,2
97	20,1
97	21,2
97	22,2
97	23,3
97	24,2
97	25,2
97	26,2
97	27,2
97	28,2
97	29,2
97	30,2
97	31,2
97	33,2
97	34,2
97	37,2
97	38,2
97	40,2
97	43,1
97	44,2
97	45,2
97	47,2
97	49,1
97	50,2
97	51,1
97	52,1
97	54,1
97	55,2
97	56,2
97	60,2
97	62,2
97	63,1
97	64,2
97	66,2
97	70,2
97	71,1
97	72,35
97	73,2
97	74,2
97	75,2
97	76,2
97	77,2
97	78,2
97	79,2
97	80,2
97	81,2
97	82,2
97	83,2
97	84,2
97	85,2
97	86,2
97	87,2
97	88,2
97	89,2
97	90,2
97	91,2
97	92,2
97	93,2
97	94,2
97	95,2
97	96,1
97	97,8343
97	99,2
98	98,852
99	99,3008
