1	1,4511
1	15,1150
1	18,52
2	2,2350
4	4,9719
4	10,1
5	5,2441
6	6,3551
6	40,1
6	49,1
6	79,1
6	87,1
7	7,10338
7	10,3
7	21,3
7	30,3
7	31,24
7	37,3
7	44,3
7	49,3
7	50,3
7	64,3
7	66,5
7	69,1
7	71,2
7	72,3
7	73,3
7	77,2
7	78,1
7	81,3
7	90,3
7	92,3
7	93,1
7	95,1
7	96,1
8	8,2502
9	9,3452
9	44,1
10	10,25100
11	11,337
12	2,2
12	4,2
12	6,4
12	8,2
12	9,2
12	10,2
12	11,6
12	12,10568
12	14,2
12	17,2
12	22,2
12	23,2
12	28,2
12	29,2
12	33,2
12	34,2
12	36,5
12	38,2
12	40,2
12	44,2
12	45,2
12	46,2
12	47,2
12	49,2
12	50,4
12	52,2
12	55,2
12	64,2
12	65,1
12	76,2
12	80,2
12	81,4
12	87,2
12	90,2
12	93,2
12	94,2
12	97,4
12	98,2
12	99,2
13	13,2625
14	14,13490
15	15,4014
15	18,38
16	16,2889
16	63,1
17	17,6653
18	18,809
19	19,6200
20	15,1150
20	18,52
20	20,2696
20	69,1
21	15,1150
21	18,61
21	21,5818
22	22,3699
23	23,1650
23	28,1
23	74,1
24	24,79558
25	15,1150
25	18,55
25	25,3202
26	15,1150
26	18,48
26	26,2598
27	15,1150
27	18,48
27	27,4175
28	15,1150
28	28,4566
29	28,1
29	29,8907
30	30,8508
31	31,18019
32	14,1
32	32,321
33	33,26055
34	34,8338
34	35,1
34	49,3
35	35,2468
36	36,2766
37	37,3270
38	38,3663
39	15,1150
39	18,58
39	23,2
39	39,11105
39	49,1
40	9,2
40	40,33399
40	74,2
41	41,4428
41	45,1
41	64,1
41	93,1
42	42,596
44	15,1150
44	18,71
44	44,7521
45	45,794
46	12,2
46	46,4797
47	47,57870
48	48,234020
49	15,1150
49	18,28
49	49,5315
50	15,1150
50	18,46
50	50,10773
51	51,6386
52	52,2941
53	53,2
54	54,1030
54	74,2
55	55,19577
55	96,1
56	56,2936
57	57,76595
57	86,2
58	58,58588
60	52,1
60	60,2512
61	61,4
62	62,2283
63	63,2
64	64,713
64	94,1
65	65,11128
66	6,1
66	7,1
66	12,1
66	15,1
66	18,1
66	19,1
66	23,1
66	26,1
66	27,1
66	29,1
66	30,1
66	31,1
66	33,1
66	34,1
66	35,1
66	37,1
66	41,1
66	45,1
66	50,1
66	55,1
66	56,1
66	62,1
66	64,1
66	66,1530
66	71,1
66	73,1
66	75,1
66	78,1
66	79,1
66	80,1
66	81,1
66	84,1
66	85,1
66	88,1
66	89,1
66	91,1
66	93,1
66	95,1
66	99,1
67	40,4
67	52,1
67	67,1582
67	74,2
68	68,1452
69	69,4775
70	70,78
71	71,1736
72	72,3112
73	73,571
74	74,839882
75	75,14989
76	76,817
77	41,1
77	77,293
79	65,1
79	79,4226
79	87,1
80	80,3092
81	15,1150
81	18,52
81	81,4381
82	82,6319
83	83,1795
84	84,1011
85	85,174109
86	86,563
87	87,835
88	88,3885
89	89,59
90	48,3
90	74,2
90	90,3503
91	91,900
92	92,28723
93	93,719
94	94,2229
95	95,935
96	74,2
96	96,4481
97	1,2
97	2,2
97	4,2
97	5,2
97	6,2
97	7,2
97	8,2
97	13,2
97	15,2
97	16,1
97	18,2
97	19,2
97	20,1
97	21,2
97	22,2
97	23,2
97	24,2
97	25,2
97	26,2
97	27,2
97	28,2
97	29,2
97	30,2
97	31,2
97	33,2
97	34,2
97	37,2
97	38,2
97	40,2
97	44,2
97	45,2
97	47,2
97	49,1
97	50,2
97	52,1
97	54,1
97	55,2
97	56,2
97	60,2
97	62,2
97	64,2
97	66,2
97	70,2
97	71,1
97	72,37
97	73,2
97	74,2
97	75,2
97	76,2
97	77,2
97	78,2
97	79,2
97	80,2
97	81,2
97	82,2
97	83,2
97	84,2
97	85,2
97	86,2
97	87,2
97	88,2
97	89,2
97	90,2
97	91,2
97	92,2
97	93,2
97	94,2
97	95,2
97	97,9089
97	99,2
98	98,45
99	99,6361
