1	1,464
2	2,785
5	5,2539
6	6,5733
6	40,1
6	49,1
6	74,1
6	79,1
6	87,1
6	89,1
8	8,2424
9	9,3455
9	44,1
10	10,9953
11	11,325
12	4,1
12	6,1
12	8,1
12	9,1
12	10,1
12	11,1
12	12,1318
12	14,1
12	17,1
12	22,1
12	28,1
12	29,1
12	33,1
12	34,1
12	36,1
12	38,1
12	40,1
12	45,1
12	46,1
12	47,1
12	49,1
12	50,1
12	64,1
12	76,1
12	81,1
12	90,1
12	93,1
12	94,1
13	13,763
14	14,12438
17	17,5872
18	18,774
19	19,2909
21	21,4942
22	22,4194
24	24,10670
26	26,354
27	27,38
28	28,2013
29	28,1
29	29,8897
30	30,9160
32	14,1
32	32,316
33	33,22688
34	34,8828
34	35,1
34	49,3
35	35,721
36	36,2506
37	37,8858
38	38,1101
40	9,1
40	40,34313
40	74,2
41	41,4200
41	45,1
41	64,1
41	93,1
42	42,686
44	44,6067
45	45,813
46	12,2
46	46,2636
47	47,58082
49	49,1294
50	50,9777
51	51,12022
52	52,3482
53	53,2050
54	54,1
55	55,16560
55	96,1
56	56,1947
57	57,45614
62	62,2305
63	63,2
64	64,957
64	94,1
65	65,76
66	6,1
66	7,1
66	12,1
66	15,1
66	18,1
66	19,1
66	23,1
66	26,1
66	27,1
66	29,1
66	30,1
66	31,1
66	33,1
66	34,1
66	35,1
66	37,1
66	41,1
66	45,1
66	50,1
66	55,1
66	56,1
66	62,1
66	64,1
66	66,909
66	71,1
66	73,1
66	75,1
66	78,1
66	79,1
66	80,1
66	81,1
66	84,1
66	85,1
66	88,1
66	89,1
66	91,1
66	93,1
66	95,1
66	99,1
67	40,4
67	52,1
67	67,1562
67	74,1
68	68,880
68	92,1
69	69,1794
70	70,24535
72	72,2239
74	74,591
75	75,14818
76	76,437
78	78,6
79	79,3979
79	87,1
80	80,2572
81	81,1629
82	82,9264
84	84,140
85	85,41829
86	86,542
87	87,300
89	89,35
91	91,381
92	92,27983
93	93,148
94	94,595
95	95,29
97	1,2
97	2,2
97	4,2
97	5,2
97	6,2
97	7,2
97	8,2
97	13,2
97	15,2
97	16,1
97	18,2
97	19,2
97	20,1
97	21,2
97	22,2
97	23,3
97	24,2
97	25,2
97	26,2
97	27,2
97	28,2
97	29,2
97	30,2
97	31,2
97	33,2
97	34,2
97	37,2
97	38,2
97	40,2
97	43,1
97	44,2
97	45,2
97	47,2
97	49,1
97	50,2
97	51,1
97	52,1
97	54,1
97	55,2
97	56,2
97	60,2
97	62,2
97	63,1
97	64,2
97	66,2
97	70,2
97	71,1
97	72,35
97	73,2
97	74,2
97	75,2
97	76,2
97	77,2
97	78,2
97	79,2
97	80,2
97	81,2
97	82,2
97	83,2
97	84,2
97	85,2
97	86,2
97	87,2
97	88,2
97	89,2
97	90,2
97	91,2
97	92,2
97	93,2
97	94,2
97	95,2
97	96,1
97	97,8344
97	99,2
98	98,725
99	99,2835
