1	1,5044
1	15,1201
1	18,80
2	2,2363
4	4,10163
4	10,1
5	5,2557
6	6,9350
6	40,1
6	49,1
6	74,1
6	79,1
6	87,1
6	89,1
7	7,10417
7	10,3
7	21,3
7	30,3
7	31,24
7	37,3
7	44,3
7	49,3
7	50,3
7	64,3
7	66,5
7	69,1
7	71,2
7	72,3
7	73,3
7	77,2
7	78,1
7	81,3
7	90,3
7	92,3
7	93,1
7	95,1
7	96,1
8	8,2741
9	9,3517
9	44,1
10	10,25231
11	11,334
12	2,2
12	4,2
12	6,4
12	8,2
12	9,2
12	10,2
12	11,6
12	12,12619
12	14,2
12	17,2
12	22,2
12	23,2
12	28,2
12	29,2
12	33,2
12	34,2
12	36,5
12	38,2
12	40,2
12	44,2
12	45,2
12	46,2
12	47,2
12	49,2
12	50,4
12	52,2
12	55,2
12	64,2
12	65,1
12	76,2
12	80,2
12	81,4
12	87,2
12	90,2
12	93,2
12	94,2
12	97,4
12	98,2
12	99,2
13	13,2897
14	14,14007
15	15,4840
15	18,215
16	16,3028
16	63,1
17	17,6653
18	18,929
19	19,6200
20	15,1201
20	18,73
20	20,2772
20	69,1
21	15,1201
21	18,204
21	21,6805
22	22,4053
23	23,1672
23	28,1
23	74,1
24	24,84421
25	15,1201
25	18,184
25	25,3823
26	15,1201
26	18,341
26	26,3428
27	15,1201
27	18,77
27	27,4501
28	15,1201
28	18,68
28	28,5478
29	28,1
29	29,8897
30	30,9256
31	31,18015
32	14,1
32	32,322
33	33,25774
34	34,11093
34	35,1
34	49,3
35	35,2507
36	36,2787
37	37,12287
38	38,3637
39	15,1201
39	18,69
39	23,2
39	39,11475
39	49,1
40	9,2
40	40,36701
40	74,2
41	41,4486
41	45,1
41	64,1
41	93,1
42	42,740
43	43,6
44	15,1201
44	18,352
44	44,8190
45	45,1102
46	12,2
46	46,5177
47	47,59562
48	48,235119
49	15,1201
49	18,249
49	49,5975
50	15,1201
50	18,343
50	50,11590
51	51,12681
52	52,3553
53	53,3044
54	54,1030
54	74,2
55	55,20052
55	96,1
56	56,2993
57	57,127045
57	86,2
58	58,59460
60	52,1
60	60,2759
61	61,4
62	62,2283
63	63,2
64	64,1279
64	94,1
65	65,8928
66	6,1
66	7,1
66	12,1
66	15,1
66	18,1
66	19,1
66	23,1
66	26,1
66	27,1
66	29,1
66	30,1
66	31,1
66	33,1
66	34,1
66	35,1
66	37,1
66	41,1
66	45,1
66	50,1
66	55,1
66	56,1
66	62,1
66	64,1
66	66,1893
66	71,1
66	73,1
66	75,1
66	78,1
66	79,1
66	80,1
66	81,1
66	84,1
66	85,1
66	88,1
66	89,1
66	91,1
66	93,1
66	95,1
66	99,1
67	40,4
67	52,1
67	67,1604
67	74,2
68	68,1510
69	69,9801
70	70,29959
71	71,1764
72	72,3158
73	73,571
74	74,1451788
75	75,15189
76	76,864
77	41,1
77	77,333
79	65,1
79	79,4254
79	87,1
80	80,3097
81	15,1201
81	18,71
81	81,4634
82	82,9757
83	83,1737
84	84,1082
85	85,362038
86	86,578
87	87,859
88	88,5403
89	89,107
90	48,3
90	74,2
90	90,3969
91	91,992
92	92,28752
93	93,726
94	94,2497
95	95,942
96	74,2
96	96,4656
97	1,2
97	2,2
97	4,2
97	5,2
97	6,2
97	7,2
97	8,2
97	13,2
97	15,2
97	16,1
97	18,2
97	19,2
97	20,1
97	21,2
97	22,2
97	23,2
97	24,2
97	25,2
97	26,2
97	27,2
97	28,2
97	29,2
97	30,2
97	31,2
97	33,2
97	34,2
97	37,2
97	38,2
97	40,2
97	44,2
97	45,2
97	47,2
97	49,1
97	50,2
97	52,1
97	54,1
97	55,2
97	56,2
97	60,2
97	62,2
97	64,2
97	66,2
97	70,2
97	71,1
97	72,37
97	73,2
97	74,2
97	75,2
97	76,2
97	77,2
97	78,2
97	79,2
97	80,2
97	81,2
97	82,2
97	83,2
97	84,2
97	85,2
97	86,2
97	87,2
97	88,2
97	89,2
97	90,2
97	91,2
97	92,2
97	93,2
97	94,2
97	95,2
97	97,9129
97	99,2
98	98,976
99	99,6451
